orig.ident counts

llp_ca zlf_ca  lj_ca  xhl_n  zlf_n   lj_n xhl_ca  llp_n 
 13999  11169  11007  10803  10744  10116  10000   9402 

orig.ident x seurat_clusters
        
             0     1     2     3     4     5     6     7     8     9    10    11    12    13    14    15    16    17
  lj_ca      5    20  3156  2357    65   499   867   743   607  1379     0    33     3   321    23   443    65   270
  lj_n     154  2315   126   163  1195   585   513   618    57    77  1179   949   671    56   194     0   302    39
  llp_ca     5    73  1602  2364   949  1137  1525  1032  1042   566     2    78    11  1664    35   378   188   610
  llp_n    819  2583   165   186   236   235   145   251   218    32  1704   778  1396    40   175    79   128     7
  xhl_ca  3600    16   288   409  1122   599   429   423   444   554    25     0   232   104  1049   315    29    67
  xhl_n   5695   174   231    88   154   285   286   234  1128   753   202    22   370    55   578   170   142     4
  zlf_ca    13   220  1766   901   976  2026  1252  1392   705   459    29    53    19   325    30   249   153   230
  zlf_n     77  3626    97   130  1118   405   242   391   159   303   464  1665   856    57   282     1   257    14
  Sum    10368  9027  7431  6598  5815  5771  5259  5084  4360  4123  3605  3578  3558  2622  2366  1635  1264  1241
        
            18    19    20    21    22    23    24    25   Sum
  lj_ca      4    12    12    17    53     1    26    26 11007
  lj_n     144   623    10    76     4    57     7     2 10116
  llp_ca    62     0   291    95   196     1    50    43 13999
  llp_n    147     6     3    25     3    37     4     0  9402
  xhl_ca     1     5   211    43    21     0     9     5 10000
  xhl_n     64   103     5    41     2     7    10     0 10803
  zlf_ca    18     3   118    69    88    14    48    13 11169
  zlf_n    502     1     5    22     0    64     5     1 10744
  Sum      942   753   655   388   367   181   159    90 87240

orig.ident x seurat_clusters
        
             0     1     2     3     4     5     6     7     8     9    10    11    12    13    14    15    16    17
  lj_ca      5    20  3156  2357    65   499   867   743   607  1379     0    33     3   321    23   443    65   270
  lj_n     154  2315   126   163  1195   585   513   618    57    77  1179   949   671    56   194     0   302    39
  llp_ca     5    73  1602  2364   949  1137  1525  1032  1042   566     2    78    11  1664    35   378   188   610
  llp_n    819  2583   165   186   236   235   145   251   218    32  1704   778  1396    40   175    79   128     7
  xhl_ca  3600    16   288   409  1122   599   429   423   444   554    25     0   232   104  1049   315    29    67
  xhl_n   5695   174   231    88   154   285   286   234  1128   753   202    22   370    55   578   170   142     4
  zlf_ca    13   220  1766   901   976  2026  1252  1392   705   459    29    53    19   325    30   249   153   230
  zlf_n     77  3626    97   130  1118   405   242   391   159   303   464  1665   856    57   282     1   257    14
  Sum    10368  9027  7431  6598  5815  5771  5259  5084  4360  4123  3605  3578  3558  2622  2366  1635  1264  1241
        
            18    19    20    21    22    23    24    25   Sum
  lj_ca      4    12    12    17    53     1    26    26 11007
  lj_n     144   623    10    76     4    57     7     2 10116
  llp_ca    62     0   291    95   196     1    50    43 13999
  llp_n    147     6     3    25     3    37     4     0  9402
  xhl_ca     1     5   211    43    21     0     9     5 10000
  xhl_n     64   103     5    41     2     7    10     0 10803
  zlf_ca    18     3   118    69    88    14    48    13 11169
  zlf_n    502     1     5    22     0    64     5     1 10744
  Sum      942   753   655   388   367   181   159    90 87240

